0.8535353535353535
0.8005050505050505
0.8282828282828283
0.8611111111111112
0.7878787878787878
0.8434343434343434
0.8358585858585859
0.8611111111111112
0.7853535353535354
0.8333333333333334
0.8181818181818182
0.8308080808080808
0.49242424242424243
0.8661616161616161
0.803030303030303
0.8383838383838383
0.8409090909090909
0.8459595959595959
0.8484848484848485
0.8055555555555556
0.8585858585858586
0.8207070707070707
0.7575757575757576
0.8535353535353535
0.5328282828282829
0.8383838383838383
0.7954545454545454
0.8459595959595959
0.4621212121212121
0.8207070707070707
0.49747474747474746
0.8560606060606061
0.8535353535353535
0.8434343434343434
0.73989898989899
0.7752525252525253
0.8358585858585859
0.5227272727272727
0.8636363636363636
0.8535353535353535
0.5656565656565656
0.8535353535353535
0.8484848484848485
0.7929292929292929
0.8358585858585859
0.8282828282828283
0.8055555555555556
0.19444444444444445
0.49242424242424243
0.7424242424242424
0.8409090909090909
0.8080808080808081
0.8535353535353535
0.8131313131313131
0.8434343434343434
0.7449494949494949
0.8383838383838383
0.7449494949494949
0.46464646464646464
0.8156565656565656
0.8308080808080808
0.8535353535353535
0.8232323232323232
0.5126262626262627
0.8459595959595959
0.7550505050505051
0.8080808080808081
0.5505050505050505
0.8005050505050505
0.8535353535353535
0.8358585858585859
0.8232323232323232
0.8232323232323232
0.49242424242424243
0.8308080808080808
0.8560606060606061
0.5227272727272727
0.8308080808080808
0.8333333333333334
0.7651515151515151
0.8308080808080808
0.8459595959595959
0.8434343434343434
0.8207070707070707
0.8434343434343434
0.8358585858585859
0.8106060606060606
0.7676767676767676
0.2727272727272727
0.8080808080808081
0.8535353535353535
0.851010101010101
0.5
0.5050505050505051
0.8585858585858586
0.7878787878787878
0.8535353535353535
0.8005050505050505
0.8383838383838383
0.7853535353535354
0.8257575757575758
0.8535353535353535
0.8383838383838383
0.8383838383838383
0.8106060606060606
0.5227272727272727
0.5176767676767676
0.8232323232323232
0.8181818181818182
0.8358585858585859
0.8080808080808081
0.851010101010101
0.7878787878787878
0.8560606060606061
0.8434343434343434
0.8106060606060606
0.8535353535353535
0.8459595959595959
0.8106060606060606
0.8585858585858586
