0.6717171717171717
0.73989898989899
0.8838383838383839
0.6893939393939394
0.851010101010101
0.7525252525252525
0.5
0.7651515151515151
0.8787878787878788
0.7171717171717171
0.7727272727272727
0.8737373737373737
0.75
0.9267676767676768
0.9015151515151515
0.6717171717171717
0.6742424242424242
0.7929292929292929
0.6717171717171717
0.5050505050505051
0.6262626262626263
0.898989898989899
0.5202020202020202
0.8282828282828283
0.8636363636363636
0.7095959595959596
0.5252525252525253
0.9065656565656566
0.6388888888888888
0.7929292929292929
0.6439393939393939
0.5
0.7954545454545454
0.51010101010101
0.5050505050505051
0.51010101010101
0.7575757575757576
0.6060606060606061
0.8484848484848485
0.7121212121212122
0.8661616161616161
0.9343434343434344
0.7474747474747475
0.7146464646464646
0.8939393939393939
0.898989898989899
0.7171717171717171
0.5202020202020202
0.6060606060606061
0.648989898989899
0.7297979797979798
0.7525252525252525
0.7651515151515151
0.8383838383838383
0.8762626262626263
0.8737373737373737
0.8611111111111112
0.8383838383838383
0.7474747474747475
0.6060606060606061
0.851010101010101
0.6994949494949495
0.75
0.7954545454545454
0.8333333333333334
0.8333333333333334
0.7272727272727273
0.8308080808080808
0.7752525252525253
0.8005050505050505
0.8686868686868687
0.6666666666666666
0.9343434343434344
0.7222222222222222
0.9191919191919192
0.5959595959595959
0.6565656565656566
0.8156565656565656
0.702020202020202
0.6515151515151515
0.75
0.851010101010101
0.6035353535353535
0.6565656565656566
0.6868686868686869
0.9116161616161617
0.5025252525252525
0.8838383838383839
0.8484848484848485
0.5833333333333334
0.9040404040404041
0.9040404040404041
0.8560606060606061
0.8560606060606061
0.7853535353535354
0.5025252525252525
0.9393939393939394
0.7904040404040404
0.8232323232323232
0.6590909090909091
0.5025252525252525
0.8585858585858586
0.8282828282828283
0.5858585858585859
0.6338383838383839
0.8434343434343434
0.9217171717171717
0.9318181818181818
0.8358585858585859
0.8762626262626263
0.7171717171717171
0.8055555555555556
0.6060606060606061
0.8333333333333334
0.5732323232323232
0.7146464646464646
0.8181818181818182
0.7196969696969697
0.601010101010101
0.8282828282828283
0.5050505050505051
0.8762626262626263
0.8383838383838383
0.6590909090909091
0.8611111111111112
0.7424242424242424
0.6161616161616161
0.898989898989899
0.8282828282828283
0.9217171717171717
0.5681818181818182
0.5429292929292929
0.8358585858585859
0.5353535353535354
0.8106060606060606
0.9116161616161617
0.7777777777777778
0.5631313131313131
0.8611111111111112
0.6212121212121212
0.7752525252525253
0.5050505050505051
0.8813131313131313
0.8257575757575758
0.5656565656565656
0.8813131313131313
0.6287878787878788
0.8636363636363636
0.7929292929292929
0.5050505050505051
0.5
0.7070707070707071
0.73989898989899
0.7045454545454546
0.7702020202020202
0.7727272727272727
0.8762626262626263
0.73989898989899
0.8333333333333334
0.7146464646464646
0.8863636363636364
0.9015151515151515
0.7373737373737373
0.8712121212121212
0.8964646464646465
0.5782828282828283
0.8964646464646465
0.8611111111111112
0.5782828282828283
0.51010101010101
0.6363636363636364
0.7853535353535354
0.494949494949495
0.8484848484848485
0.6767676767676768
0.8459595959595959
0.5404040404040404
0.8813131313131313
0.8282828282828283
0.702020202020202
0.6262626262626263
0.5833333333333334
0.8333333333333334
0.8232323232323232
0.7828282828282829
0.8459595959595959
0.5757575757575758
0.6616161616161617
0.7196969696969697
0.6212121212121212
0.6767676767676768
0.9444444444444444
0.8888888888888888
0.8358585858585859
0.8207070707070707
0.6464646464646465
0.696969696969697
0.8308080808080808
0.8838383838383839
0.9419191919191919
0.5732323232323232
0.6363636363636364
0.8560606060606061
0.8131313131313131
0.9015151515151515
0.7272727272727273
0.6717171717171717
0.7146464646464646
0.8787878787878788
0.7929292929292929
0.8636363636363636
0.8434343434343434
0.6767676767676768
0.5858585858585859
0.8005050505050505
0.8232323232323232
0.5151515151515151
0.6262626262626263
0.9141414141414141
0.6464646464646465
0.8080808080808081
0.8232323232323232
0.7171717171717171
0.7121212121212122
0.6085858585858586
0.8888888888888888
0.6237373737373737
0.5025252525252525
0.7575757575757576
0.7828282828282829
0.7146464646464646
0.6035353535353535
0.6717171717171717
0.76010101010101
0.6464646464646465
0.8383838383838383
0.9015151515151515
0.8484848484848485
0.8888888888888888
0.9015151515151515
0.851010101010101
0.7853535353535354
0.7575757575757576
0.5151515151515151
0.952020202020202
0.8686868686868687
0.9318181818181818
0.7575757575757576
0.8762626262626263
0.5808080808080808
0.5606060606060606
0.5025252525252525
0.5580808080808081
0.7348484848484849
0.9116161616161617
0.7348484848484849
0.7954545454545454
0.6868686868686869
0.7247474747474747
0.696969696969697
0.8535353535353535
0.8737373737373737
0.9242424242424242
0.8282828282828283
0.7146464646464646
0.6691919191919192
0.7222222222222222
0.6287878787878788
0.9318181818181818
0.8383838383838383
0.7045454545454546
0.8005050505050505
0.8686868686868687
0.7424242424242424
0.7904040404040404
0.8863636363636364
0.5858585858585859
0.5909090909090909
0.7828282828282829
0.8863636363636364
0.7752525252525253
0.8585858585858586
0.8156565656565656
0.8762626262626263
0.7070707070707071
0.6262626262626263
0.9393939393939394
0.7525252525252525
0.6388888888888888
0.5883838383838383
0.49242424242424243
0.5404040404040404
0.9166666666666666
0.8106060606060606
0.7803030303030303
0.5631313131313131
0.7626262626262627
0.9040404040404041
0.9343434343434344
0.6464646464646465
0.7550505050505051
0.9267676767676768
0.5025252525252525
0.73989898989899
0.7146464646464646
0.9242424242424242
0.8813131313131313
0.49747474747474746
0.9343434343434344
0.8813131313131313
0.8636363636363636
0.696969696969697
0.5656565656565656
0.6717171717171717
0.8838383838383839
0.9419191919191919
0.8787878787878788
0.547979797979798
0.7222222222222222
0.8661616161616161
0.7323232323232324
0.6919191919191919
0.8257575757575758
0.9217171717171717
0.9368686868686869
0.8787878787878788
0.8560606060606061
0.5404040404040404
0.6287878787878788
0.41414141414141414
0.7171717171717171
0.8484848484848485
0.73989898989899
0.9065656565656566
0.6641414141414141
0.9116161616161617
0.6868686868686869
0.8838383838383839
0.5707070707070707
0.6237373737373737
0.8787878787878788
0.75
0.8156565656565656
0.8535353535353535
0.6035353535353535
0.6843434343434344
0.9191919191919192
0.702020202020202
0.696969696969697
0.797979797979798
0.9166666666666666
0.8737373737373737
0.6893939393939394
0.6717171717171717
0.76010101010101
0.5277777777777778
0.7676767676767676
0.8585858585858586
0.5732323232323232
0.5858585858585859
0.8712121212121212
0.803030303030303
0.9318181818181818
0.6919191919191919
0.9191919191919192
0.6540404040404041
0.5176767676767676
0.9141414141414141
0.7752525252525253
0.5505050505050505
0.8232323232323232
0.6035353535353535
0.6893939393939394
0.6540404040404041
0.9191919191919192
0.6439393939393939
0.8459595959595959
0.7676767676767676
0.7095959595959596
0.702020202020202
0.5858585858585859
0.9393939393939394
0.5505050505050505
0.8585858585858586
0.7348484848484849
0.8207070707070707
0.6641414141414141
0.6944444444444444
0.8914141414141414
0.8131313131313131
0.797979797979798
0.702020202020202
0.6540404040404041
0.8636363636363636
0.5
0.8131313131313131
0.76010101010101
0.7373737373737373
0.7626262626262627
0.9419191919191919
0.76010101010101
0.8333333333333334
0.8712121212121212
0.8207070707070707
0.6237373737373737
0.8106060606060606
0.5
0.5404040404040404
0.8358585858585859
0.7297979797979798
0.6641414141414141
0.6439393939393939
0.8636363636363636
0.9040404040404041
0.5959595959595959
0.51010101010101
0.696969696969697
0.7626262626262627
0.6893939393939394
0.7828282828282829
0.8409090909090909
0.7373737373737373
0.6085858585858586
0.7045454545454546
0.6111111111111112
0.8737373737373737
0.5252525252525253
0.7121212121212122
0.8737373737373737
0.8106060606060606
0.9141414141414141
0.5656565656565656
0.494949494949495
0.7474747474747475
0.5252525252525253
0.7449494949494949
0.9318181818181818
0.8106060606060606
0.851010101010101
0.9368686868686869
0.8585858585858586
0.7727272727272727
0.49747474747474746
0.7752525252525253
0.7373737373737373
0.8535353535353535
0.8838383838383839
0.8181818181818182
0.8434343434343434
0.8611111111111112
0.6843434343434344
0.601010101010101
0.7676767676767676
0.8257575757575758
0.8005050505050505
0.5353535353535354
0.6767676767676768
0.7702020202020202
0.6641414141414141
0.49747474747474746
0.6994949494949495
0.8055555555555556
0.7702020202020202
0.8156565656565656
0.797979797979798
0.5833333333333334
0.7803030303030303
0.9343434343434344
0.7904040404040404
0.8813131313131313
0.8207070707070707
0.5378787878787878
0.9141414141414141
0.8888888888888888
0.6641414141414141
0.8434343434343434
0.7752525252525253
0.5328282828282829
0.8181818181818182
0.8257575757575758
0.5025252525252525
0.6161616161616161
0.5555555555555556
0.8863636363636364
0.8080808080808081
0.7904040404040404
0.5656565656565656
0.8661616161616161
0.6717171717171717
0.8737373737373737
0.8333333333333334
0.8762626262626263
0.8863636363636364
0.8005050505050505
0.8762626262626263
0.5808080808080808
0.8055555555555556
0.7727272727272727
0.898989898989899
0.8636363636363636
0.7272727272727273
0.7853535353535354
0.6363636363636364
0.8358585858585859
0.9292929292929293
0.7575757575757576
0.6161616161616161
0.5176767676767676
0.8888888888888888
0.8358585858585859
0.5909090909090909
0.8257575757575758
0.9292929292929293
0.6237373737373737
0.9015151515151515
0.8560606060606061
0.9141414141414141
0.6717171717171717
0.6540404040404041
0.7575757575757576
0.6893939393939394
0.5151515151515151
0.7525252525252525
0.7904040404040404
0.5176767676767676
0.8308080808080808
0.8080808080808081
0.6666666666666666
0.5555555555555556
0.8484848484848485
0.7424242424242424
0.73989898989899
0.797979797979798
0.547979797979798
0.8787878787878788
0.8232323232323232
0.7070707070707071
0.8535353535353535
0.8257575757575758
0.8762626262626263
0.7222222222222222
0.7272727272727273
0.6262626262626263
0.7297979797979798
0.6186868686868687
0.6666666666666666
0.8232323232323232
0.6414141414141414
0.8686868686868687
0.6313131313131313
0.8080808080808081
0.8434343434343434
0.8914141414141414
0.8459595959595959
0.8055555555555556
0.6515151515151515
0.5202020202020202
0.6666666666666666
0.7196969696969697
0.5151515151515151
0.9116161616161617
0.6616161616161617
0.6843434343434344
0.797979797979798
0.8939393939393939
0.7853535353535354
0.8409090909090909
0.4494949494949495
0.76010101010101
0.9065656565656566
0.8535353535353535
0.5934343434343434
0.8156565656565656
0.7373737373737373
0.8686868686868687
0.8484848484848485
0.6792929292929293
0.8409090909090909
0.6843434343434344
0.6464646464646465
0.8232323232323232
0.8333333333333334
0.7272727272727273
0.7297979797979798
0.9116161616161617
0.8787878787878788
0.9242424242424242
0.8636363636363636
0.5732323232323232
0.702020202020202
0.8005050505050505
0.6515151515151515
0.6616161616161617
0.8964646464646465
0.898989898989899
0.5681818181818182
0.851010101010101
0.5075757575757576
0.9065656565656566
0.7449494949494949
0.8964646464646465
0.8560606060606061
0.5050505050505051
0.7954545454545454
0.5025252525252525
0.7449494949494949
0.8080808080808081
0.8080808080808081
0.6767676767676768
0.7651515151515151
0.5833333333333334
0.5631313131313131
0.8585858585858586
0.5505050505050505
0.5732323232323232
0.6161616161616161
0.8358585858585859
0.9015151515151515
0.6616161616161617
0.8737373737373737
0.9267676767676768
0.8484848484848485
0.5959595959595959
0.9040404040404041
0.8005050505050505
0.5656565656565656
0.5757575757575758
0.8257575757575758
0.6843434343434344
0.8156565656565656
0.7121212121212122
0.7297979797979798
0.648989898989899
0.5378787878787878
0.7929292929292929
0.8484848484848485
0.6515151515151515
0.7853535353535354
0.8964646464646465
0.6944444444444444
0.8459595959595959
0.7575757575757576
0.7247474747474747
0.9570707070707071
0.8888888888888888
0.8106060606060606
0.7373737373737373
0.7323232323232324
0.6439393939393939
0.7373737373737373
0.9318181818181818
0.5858585858585859
0.8914141414141414
0.8257575757575758
0.8560606060606061
0.8636363636363636
0.8459595959595959
0.8257575757575758
0.7348484848484849
0.7070707070707071
0.6590909090909091
0.6338383838383839
0.803030303030303
0.9292929292929293
0.8484848484848485
0.8813131313131313
0.8636363636363636
0.8434343434343434
0.6691919191919192
0.6919191919191919
0.9368686868686869
0.5808080808080808
0.7878787878787878
0.8636363636363636
0.9368686868686869
0.5782828282828283
0.9292929292929293
0.5126262626262627
0.8888888888888888
0.6136363636363636
0.9015151515151515
0.7803030303030303
0.7803030303030303
0.8181818181818182
0.9318181818181818
0.6136363636363636
0.9191919191919192
0.7803030303030303
0.7803030303030303
0.8131313131313131
0.8712121212121212
0.75
0.5050505050505051
0.7323232323232324
0.9318181818181818
0.7247474747474747
0.8282828282828283
0.5050505050505051
0.5
0.8434343434343434
0.9116161616161617
0.6742424242424242
0.8762626262626263
0.7929292929292929
0.7121212121212122
0.797979797979798
0.7146464646464646
0.9090909090909091
0.7575757575757576
0.7247474747474747
0.7247474747474747
0.7424242424242424
0.5883838383838383
0.5883838383838383
0.7348484848484849
0.6691919191919192
0.7222222222222222
0.7727272727272727
0.601010101010101
0.7121212121212122
0.6919191919191919
0.5227272727272727
0.8611111111111112
0.5707070707070707
0.7247474747474747
0.5984848484848485
0.6641414141414141
0.8434343434343434
0.6161616161616161
0.9242424242424242
0.8005050505050505
0.7752525252525253
0.5303030303030303
0.8964646464646465
0.8560606060606061
0.7727272727272727
0.6893939393939394
0.5808080808080808
0.8005050505050505
0.8560606060606061
0.8686868686868687
0.6464646464646465
0.6691919191919192
0.8232323232323232
0.7651515151515151
0.8762626262626263
0.8434343434343434
0.648989898989899
0.9040404040404041
0.4797979797979798
0.9141414141414141
0.6919191919191919
0.7297979797979798
0.7196969696969697
0.8611111111111112
0.8813131313131313
0.5681818181818182
0.8409090909090909
0.9343434343434344
0.8333333333333334
0.8686868686868687
0.6717171717171717
0.7676767676767676
0.5202020202020202
0.7474747474747475
0.898989898989899
0.7474747474747475
0.5176767676767676
0.8232323232323232
0.4318181818181818
0.9040404040404041
0.8383838383838383
0.7146464646464646
0.5454545454545454
0.6868686868686869
0.8813131313131313
0.8106060606060606
0.8838383838383839
0.7575757575757576
0.5757575757575758
0.7070707070707071
0.797979797979798
0.8964646464646465
0.8737373737373737
0.7247474747474747
0.9040404040404041
0.5151515151515151
0.8863636363636364
0.5050505050505051
0.9015151515151515
0.7272727272727273
0.9292929292929293
0.797979797979798
0.5505050505050505
0.7853535353535354
0.7146464646464646
0.6388888888888888
0.851010101010101
0.8535353535353535
0.7222222222222222
0.8459595959595959
0.8560606060606061
0.7853535353535354
0.7095959595959596
0.6035353535353535
0.7828282828282829
0.9090909090909091
0.7424242424242424
0.8080808080808081
0.8762626262626263
0.6237373737373737
0.9368686868686869
0.6868686868686869
0.8939393939393939
0.8080808080808081
0.5883838383838383
0.5909090909090909
0.5252525252525253
0.7752525252525253
0.8686868686868687
0.7929292929292929
0.8914141414141414
0.8358585858585859
0.6262626262626263
0.6717171717171717
0.5505050505050505
0.5151515151515151
0.8005050505050505
0.8914141414141414
0.6691919191919192
0.8611111111111112
0.7904040404040404
0.8358585858585859
0.8611111111111112
0.5707070707070707
0.5176767676767676
0.7676767676767676
0.8055555555555556
0.5959595959595959
0.8661616161616161
0.5378787878787878
0.6893939393939394
0.7550505050505051
0.7702020202020202
0.6666666666666666
0.648989898989899
0.5151515151515151
0.8358585858585859
0.5454545454545454
0.6439393939393939
0.9090909090909091
0.7651515151515151
0.797979797979798
0.5050505050505051
0.7247474747474747
0.8333333333333334
0.6186868686868687
0.8131313131313131
0.702020202020202
0.7171717171717171
0.8131313131313131
0.7146464646464646
0.8661616161616161
0.7348484848484849
0.5429292929292929
0.7676767676767676
0.8535353535353535
0.6035353535353535
0.6994949494949495
0.8434343434343434
0.6666666666666666
0.9090909090909091
0.9343434343434344
0.8939393939393939
0.7702020202020202
0.8762626262626263
0.6464646464646465
0.5429292929292929
0.8358585858585859
0.6666666666666666
0.7853535353535354
0.6565656565656566
0.5025252525252525
0.7904040404040404
0.8661616161616161
0.5984848484848485
0.9292929292929293
0.7121212121212122
0.8585858585858586
0.8686868686868687
0.5631313131313131
0.6414141414141414
0.553030303030303
0.8737373737373737
0.5
0.8813131313131313
0.8232323232323232
0.7550505050505051
0.9393939393939394
0.5707070707070707
0.5202020202020202
0.8131313131313131
0.8888888888888888
0.7929292929292929
0.7626262626262627
0.6212121212121212
0.9621212121212122
0.5176767676767676
0.8838383838383839
0.7929292929292929
0.6641414141414141
0.8939393939393939
0.8131313131313131
0.8282828282828283
0.7424242424242424
0.8787878787878788
0.44696969696969696
0.9368686868686869
0.8080808080808081
0.8888888888888888
0.5984848484848485
0.6767676767676768
0.8888888888888888
0.7752525252525253
0.8964646464646465
0.7904040404040404
0.44191919191919193
0.5378787878787878
0.5328282828282829
0.8333333333333334
0.8611111111111112
0.8282828282828283
0.6590909090909091
0.76010101010101
0.5858585858585859
0.9292929292929293
0.5303030303030303
0.6136363636363636
0.7853535353535354
0.8434343434343434
0.8737373737373737
0.8535353535353535
0.75
0.7272727272727273
0.5883838383838383
0.7449494949494949
0.8484848484848485
0.851010101010101
0.9393939393939394
0.8383838383838383
0.7095959595959596
0.8585858585858586
0.7146464646464646
0.8535353535353535
0.9217171717171717
0.6565656565656566
0.8585858585858586
0.7803030303030303
0.6540404040404041
0.6262626262626263
0.9065656565656566
0.6944444444444444
0.8787878787878788
0.5833333333333334
0.8636363636363636
0.51010101010101
0.9494949494949495
0.7651515151515151
0.9166666666666666
0.7095959595959596
0.8308080808080808
0.8813131313131313
0.6161616161616161
0.8737373737373737
0.6262626262626263
0.8333333333333334
0.8005050505050505
0.5808080808080808
0.9242424242424242
0.8459595959595959
0.8383838383838383
0.8863636363636364
0.8080808080808081
0.5909090909090909
0.8308080808080808
0.5909090909090909
0.5757575757575758
0.7575757575757576
0.5858585858585859
0.8282828282828283
0.6313131313131313
0.5202020202020202
0.8964646464646465
0.9090909090909091
0.8156565656565656
0.7449494949494949
0.702020202020202
0.6161616161616161
0.7702020202020202
0.6388888888888888
0.797979797979798
0.6262626262626263
0.6616161616161617
0.8459595959595959
0.8863636363636364
0.9494949494949495
0.8358585858585859
0.7424242424242424
0.8560606060606061
0.5934343434343434
0.5303030303030303
0.7171717171717171
0.6666666666666666
0.6893939393939394
0.6085858585858586
0.9419191919191919
0.851010101010101
0.6565656565656566
0.9015151515151515
0.8106060606060606
0.8257575757575758
0.75
0.8308080808080808
0.6742424242424242
0.6868686868686869
0.8156565656565656
0.6439393939393939
0.7878787878787878
0.5
0.5757575757575758
0.5
0.5303030303030303
0.8484848484848485
0.7904040404040404
0.8055555555555556
0.8282828282828283
0.5202020202020202
0.9116161616161617
0.76010101010101
0.8484848484848485
0.5505050505050505
0.5555555555555556
0.7373737373737373
0.8737373737373737
0.7752525252525253
0.8434343434343434
0.7474747474747475
0.8737373737373737
0.648989898989899
0.601010101010101
0.797979797979798
0.7222222222222222
0.8106060606060606
0.7070707070707071
0.6363636363636364
0.9318181818181818
0.5656565656565656
0.8055555555555556
0.8080808080808081
0.5328282828282829
0.7196969696969697
0.5151515151515151
0.6868686868686869
0.9267676767676768
0.8080808080808081
0.8358585858585859
0.7727272727272727
0.7878787878787878
0.6388888888888888
0.51010101010101
0.5
0.5505050505050505
0.803030303030303
0.8964646464646465
0.73989898989899
0.6540404040404041
0.7828282828282829
0.8585858585858586
0.9166666666666666
0.8661616161616161
0.648989898989899
0.8813131313131313
0.6237373737373737
0.6338383838383839
0.8106060606060606
0.6742424242424242
0.6641414141414141
0.6262626262626263
0.9217171717171717
0.47474747474747475
0.803030303030303
0.9368686868686869
0.547979797979798
0.8560606060606061
0.5707070707070707
0.8383838383838383
0.7803030303030303
0.8560606060606061
0.5328282828282829
0.8080808080808081
0.7878787878787878
0.5202020202020202
0.5833333333333334
0.5252525252525253
0.8409090909090909
0.803030303030303
0.5328282828282829
0.6212121212121212
0.6237373737373737
0.696969696969697
0.8661616161616161
0.6439393939393939
0.6313131313131313
0.7323232323232324
0.5631313131313131
0.5757575757575758
0.9444444444444444
0.6287878787878788
0.76010101010101
0.6565656565656566
0.7676767676767676
0.8282828282828283
0.8383838383838383
0.9090909090909091
0.6262626262626263
0.8787878787878788
0.8939393939393939
0.6944444444444444
0.8156565656565656
0.8560606060606061
0.8106060606060606
0.8838383838383839
0.8585858585858586
0.8585858585858586
0.8308080808080808
0.9318181818181818
0.6085858585858586
0.9494949494949495
0.6792929292929293
0.8838383838383839
0.6085858585858586
0.8964646464646465
0.8611111111111112
0.7272727272727273
0.4696969696969697
0.7171717171717171
0.8762626262626263
0.6868686868686869
0.5606060606060606
0.8636363636363636
0.8383838383838383
0.5050505050505051
0.898989898989899
0.8914141414141414
0.75
0.5883838383838383
0.7626262626262627
0.8459595959595959
0.8560606060606061
0.9191919191919192
0.7853535353535354
0.8434343434343434
0.6818181818181818
0.8383838383838383
0.6363636363636364
0.9015151515151515
0.6186868686868687
0.7373737373737373
0.7474747474747475
0.5833333333333334
0.9444444444444444
0.5328282828282829
0.7196969696969697
0.6868686868686869
0.8914141414141414
0.5353535353535354
0.7752525252525253
0.7626262626262627
0.5631313131313131
0.8434343434343434
0.7803030303030303
0.6313131313131313
0.5959595959595959
0.9015151515151515
0.75
0.6994949494949495
0.7550505050505051
0.8762626262626263
0.5151515151515151
0.9267676767676768
0.76010101010101
0.5555555555555556
0.5909090909090909
0.5808080808080808
0.8686868686868687
0.696969696969697
0.696969696969697
0.5353535353535354
0.8636363636363636
0.8257575757575758
0.7904040404040404
0.7803030303030303
0.8712121212121212
0.5707070707070707
0.7348484848484849
0.7297979797979798
0.8813131313131313
0.8838383838383839
0.8914141414141414
0.6212121212121212
0.8257575757575758
0.8232323232323232
0.8611111111111112
0.7348484848484849
0.8409090909090909
0.8712121212121212
0.8106060606060606
0.9444444444444444
0.7146464646464646
0.547979797979798
0.7222222222222222
0.702020202020202
0.7727272727272727
0.7676767676767676
0.8005050505050505
0.7045454545454546
0.8661616161616161
0.7297979797979798
0.8484848484848485
0.8686868686868687
0.7247474747474747
0.8257575757575758
0.851010101010101
0.49242424242424243
0.5833333333333334
0.702020202020202
0.7297979797979798
0.6388888888888888
0.7626262626262627
0.7853535353535354
0.7247474747474747
0.9343434343434344
0.5681818181818182
0.8888888888888888
0.797979797979798
0.8131313131313131
0.8964646464646465
0.8737373737373737
0.8383838383838383
0.8636363636363636
0.5808080808080808
0.6212121212121212
0.9065656565656566
0.9292929292929293
0.7676767676767676
0.8232323232323232
0.7348484848484849
0.8611111111111112
0.75
0.5176767676767676
0.8560606060606061
0.5
0.7171717171717171
0.8358585858585859
0.7904040404040404
0.8964646464646465
0.8434343434343434
0.8888888888888888
0.8762626262626263
0.8005050505050505
0.7121212121212122
0.6944444444444444
0.7954545454545454
0.8863636363636364
0.5505050505050505
0.6944444444444444
0.8964646464646465
0.8232323232323232
0.7651515151515151
0.8409090909090909
0.8106060606060606
0.8737373737373737
0.6590909090909091
0.8308080808080808
0.7373737373737373
0.6691919191919192
0.5909090909090909
0.4772727272727273
0.7070707070707071
0.8459595959595959
0.8207070707070707
0.8939393939393939
0.8762626262626263
0.5075757575757576
0.8308080808080808
0.9065656565656566
0.8207070707070707
0.8131313131313131
0.5151515151515151
0.8005050505050505
0.8560606060606061
0.797979797979798
0.4090909090909091
0.7474747474747475
0.7474747474747475
0.8106060606060606
0.8333333333333334
0.6818181818181818
0.6944444444444444
0.6641414141414141
0.8207070707070707
0.696969696969697
0.9318181818181818
0.7702020202020202
0.6792929292929293
0.8686868686868687
0.48484848484848486
0.8080808080808081
0.803030303030303
0.5808080808080808
0.5454545454545454
0.601010101010101
0.8939393939393939
0.5782828282828283
0.5075757575757576
0.7626262626262627
0.7070707070707071
0.5353535353535354
0.7449494949494949
0.8737373737373737
0.9015151515151515
0.6136363636363636
0.8888888888888888
0.6414141414141414
0.8813131313131313
0.7626262626262627
0.6843434343434344
0.7474747474747475
0.5883838383838383
0.9292929292929293
0.7702020202020202
0.5
0.8055555555555556
0.8939393939393939
0.8181818181818182
0.5808080808080808
0.8661616161616161
0.7752525252525253
0.7626262626262627
0.8333333333333334
0.8282828282828283
0.8712121212121212
0.898989898989899
0.6439393939393939
0.5227272727272727
0.8333333333333334
0.9368686868686869
0.8964646464646465
0.8914141414141414
0.7474747474747475
0.9393939393939394
0.8762626262626263
0.8560606060606061
0.5833333333333334
0.8308080808080808
0.6035353535353535
0.5909090909090909
0.803030303030303
0.9570707070707071
0.7904040404040404
0.6186868686868687
0.7878787878787878
0.7929292929292929
0.5782828282828283
0.7954545454545454
0.8409090909090909
0.8712121212121212
0.8964646464646465
0.8535353535353535
0.8712121212121212
0.8737373737373737
0.7626262626262627
0.8156565656565656
0.6868686868686869
0.5126262626262627
0.7146464646464646
0.7045454545454546
0.5858585858585859
0.8737373737373737
0.8560606060606061
0.8585858585858586
0.6035353535353535
0.6414141414141414
0.7752525252525253
0.7626262626262627
0.6237373737373737
0.6944444444444444
0.8863636363636364
0.9040404040404041
0.49747474747474746
0.7727272727272727
0.851010101010101
0.7550505050505051
0.6868686868686869
0.7474747474747475
0.5833333333333334
0.8737373737373737
0.6439393939393939
0.7474747474747475
0.8207070707070707
0.6111111111111112
0.49242424242424243
0.8080808080808081
0.8358585858585859
0.6717171717171717
0.8232323232323232
0.7651515151515151
0.9040404040404041
0.8863636363636364
0.6565656565656566
0.6287878787878788
0.8964646464646465
0.6313131313131313
0.7045454545454546
0.7904040404040404
0.8888888888888888
0.803030303030303
0.6439393939393939
0.648989898989899
0.8308080808080808
0.851010101010101
0.6363636363636364
0.8484848484848485
0.648989898989899
0.9166666666666666
0.73989898989899
0.76010101010101
0.9191919191919192
0.7676767676767676
0.8661616161616161
0.5075757575757576
0.7247474747474747
0.8535353535353535
0.7904040404040404
0.5732323232323232
0.7803030303030303
0.6717171717171717
0.5681818181818182
0.8964646464646465
0.6742424242424242
0.8560606060606061
0.8257575757575758
0.553030303030303
0.5707070707070707
0.5025252525252525
0.8813131313131313
0.8636363636363636
0.8207070707070707
0.8232323232323232
0.5227272727272727
0.6843434343434344
0.9116161616161617
0.648989898989899
0.9015151515151515
0.7525252525252525
0.7954545454545454
0.7828282828282829
0.6919191919191919
0.7954545454545454
0.6085858585858586
0.6363636363636364
0.8409090909090909
0.7297979797979798
0.7828282828282829
0.8560606060606061
0.7323232323232324
0.8686868686868687
0.8131313131313131
0.8333333333333334
0.7575757575757576
0.7929292929292929
0.9242424242424242
0.797979797979798
0.9090909090909091
0.5934343434343434
0.5959595959595959
0.803030303030303
0.648989898989899
0.7727272727272727
0.8813131313131313
0.5
0.8358585858585859
0.9368686868686869
0.6843434343434344
0.8358585858585859
0.6893939393939394
0.8358585858585859
0.5151515151515151
0.7272727272727273
0.7095959595959596
0.8813131313131313
0.6414141414141414
0.8535353535353535
0.6590909090909091
0.6944444444444444
0.5277777777777778
0.5580808080808081
0.8863636363636364
0.6111111111111112
0.9621212121212122
0.6262626262626263
0.5429292929292929
0.6843434343434344
0.5555555555555556
0.8964646464646465
0.6237373737373737
0.8257575757575758
0.5909090909090909
0.6060606060606061
0.5
0.5909090909090909
0.8156565656565656
0.5
0.8080808080808081
0.6439393939393939
0.8813131313131313
0.7752525252525253
0.5176767676767676
0.8409090909090909
0.8762626262626263
0.73989898989899
0.6994949494949495
0.8787878787878788
0.7348484848484849
0.9015151515151515
0.6111111111111112
0.5934343434343434
0.648989898989899
0.7525252525252525
0.7929292929292929
0.6060606060606061
0.7272727272727273
0.7171717171717171
0.851010101010101
0.803030303030303
0.6868686868686869
0.8636363636363636
0.6792929292929293
0.7803030303030303
0.9116161616161617
0.7651515151515151
0.7070707070707071
0.8686868686868687
0.803030303030303
0.9015151515151515
0.6085858585858586
0.6792929292929293
0.5909090909090909
0.8686868686868687
0.9116161616161617
0.5
0.9191919191919192
0.8661616161616161
0.7196969696969697
0.7095959595959596
0.6818181818181818
0.6641414141414141
0.6464646464646465
0.803030303030303
0.8080808080808081
0.8712121212121212
0.6111111111111112
0.8636363636363636
0.7651515151515151
0.6439393939393939
0.7929292929292929
0.8964646464646465
0.9040404040404041
0.8383838383838383
0.7702020202020202
0.5984848484848485
0.7803030303030303
0.9191919191919192
0.5858585858585859
0.9444444444444444
0.7171717171717171
0.8434343434343434
0.8459595959595959
0.7954545454545454
0.547979797979798
0.8560606060606061
0.8585858585858586
0.6136363636363636
0.6616161616161617
0.8484848484848485
0.9040404040404041
0.8888888888888888
0.6464646464646465
0.7651515151515151
0.7777777777777778
0.5025252525252525
0.7474747474747475
0.8080808080808081
0.7853535353535354
0.5353535353535354
0.5328282828282829
0.547979797979798
0.6742424242424242
0.8459595959595959
0.9267676767676768
0.6767676767676768
0.8939393939393939
0.8712121212121212
0.9595959595959596
0.8838383838383839
0.5934343434343434
0.9166666666666666
0.8232323232323232
0.7702020202020202
0.7323232323232324
0.7777777777777778
0.9318181818181818
0.7929292929292929
0.9116161616161617
0.6641414141414141
0.7348484848484849
0.5277777777777778
0.48737373737373735
0.6136363636363636
0.7373737373737373
0.7449494949494949
0.7575757575757576
0.6565656565656566
0.5757575757575758
0.6868686868686869
0.7929292929292929
0.5151515151515151
0.8813131313131313
0.7045454545454546
0.7651515151515151
0.7196969696969697
0.6843434343434344
0.9318181818181818
0.6868686868686869
0.8888888888888888
0.9242424242424242
0.6515151515151515
0.8560606060606061
0.8535353535353535
0.49747474747474746
0.6439393939393939
0.7727272727272727
0.6313131313131313
0.7676767676767676
0.9621212121212122
0.8409090909090909
0.8282828282828283
0.8055555555555556
0.851010101010101
0.7651515151515151
0.8257575757575758
0.8308080808080808
0.5959595959595959
0.9116161616161617
0.7247474747474747
0.7651515151515151
0.8409090909090909
0.5555555555555556
0.8762626262626263
0.8232323232323232
0.7348484848484849
0.5782828282828283
0.8232323232323232
0.5
0.6717171717171717
0.8888888888888888
0.7323232323232324
0.5050505050505051
0.45202020202020204
0.8156565656565656
0.8787878787878788
0.9242424242424242
0.5580808080808081
0.7348484848484849
0.8560606060606061
0.7853535353535354
0.8737373737373737
0.7676767676767676
0.8106060606060606
0.5984848484848485
0.5606060606060606
0.6464646464646465
0.7121212121212122
0.5681818181818182
0.9040404040404041
0.6464646464646465
0.8131313131313131
0.6186868686868687
0.8308080808080808
0.6237373737373737
0.6565656565656566
0.6414141414141414
0.8055555555555556
0.5025252525252525
0.5176767676767676
0.6237373737373737
0.7525252525252525
0.7752525252525253
0.73989898989899
0.8484848484848485
0.5555555555555556
0.5025252525252525
0.7777777777777778
0.6515151515151515
0.8712121212121212
0.6792929292929293
0.7449494949494949
0.7373737373737373
0.6717171717171717
0.8282828282828283
0.7676767676767676
0.7272727272727273
0.946969696969697
0.8535353535353535
0.8686868686868687
0.5580808080808081
0.5959595959595959
0.8207070707070707
0.8484848484848485
0.75
0.9191919191919192
0.7929292929292929
0.7222222222222222
0.797979797979798
0.7045454545454546
0.851010101010101
0.6767676767676768
0.5075757575757576
0.803030303030303
0.7803030303030303
0.9545454545454546
0.9494949494949495
0.8383838383838383
0.5151515151515151
0.6212121212121212
0.8181818181818182
0.8080808080808081
0.5328282828282829
0.5
0.7525252525252525
0.7929292929292929
0.5075757575757576
0.5176767676767676
0.8207070707070707
0.7626262626262627
0.7803030303030303
0.7297979797979798
0.8560606060606061
0.8813131313131313
0.8308080808080808
