0.8232323232323232
0.803030303030303
0.8585858585858586
0.7727272727272727
0.7929292929292929
0.8459595959595959
0.8156565656565656
0.8333333333333334
0.8080808080808081
0.803030303030303
0.8333333333333334
0.8611111111111112
0.702020202020202
0.8282828282828283
0.8080808080808081
0.8560606060606061
0.8333333333333334
0.8232323232323232
0.8459595959595959
0.7045454545454546
0.49747474747474746
0.7878787878787878
0.7853535353535354
0.8106060606060606
0.8611111111111112
0.8232323232323232
0.8282828282828283
0.75
0.5681818181818182
0.8585858585858586
0.5277777777777778
0.8409090909090909
0.7954545454545454
0.8484848484848485
0.851010101010101
0.8308080808080808
0.73989898989899
0.8358585858585859
0.8358585858585859
0.8560606060606061
0.7803030303030303
0.5
0.7954545454545454
0.851010101010101
0.5202020202020202
0.8106060606060606
0.8055555555555556
0.7752525252525253
0.8232323232323232
0.5
0.8535353535353535
0.7878787878787878
0.8560606060606061
0.42424242424242425
0.8535353535353535
0.7752525252525253
0.8585858585858586
0.6287878787878788
0.8333333333333334
0.851010101010101
0.8156565656565656
0.8358585858585859
0.7676767676767676
0.8434343434343434
0.7575757575757576
0.5202020202020202
0.851010101010101
0.8156565656565656
0.851010101010101
0.5
0.8535353535353535
0.8560606060606061
0.8156565656565656
0.7929292929292929
0.5
0.7676767676767676
0.8383838383838383
0.7702020202020202
0.8333333333333334
0.8661616161616161
0.851010101010101
0.8080808080808081
0.8560606060606061
0.8459595959595959
0.8484848484848485
0.1590909090909091
0.5227272727272727
0.7954545454545454
0.8282828282828283
0.8308080808080808
0.8560606060606061
0.8409090909090909
0.8434343434343434
0.7121212121212122
0.8636363636363636
0.8005050505050505
0.8535353535353535
0.7449494949494949
0.7878787878787878
0.7878787878787878
0.8409090909090909
0.8585858585858586
0.8560606060606061
0.8459595959595959
0.7449494949494949
0.8156565656565656
0.8560606060606061
0.8232323232323232
0.8156565656565656
0.8434343434343434
0.8005050505050505
0.7449494949494949
0.8484848484848485
0.5075757575757576
0.8383838383838383
0.7752525252525253
0.7676767676767676
0.8434343434343434
0.8358585858585859
0.5
0.5227272727272727
0.8560606060606061
0.48484848484848486
0.7878787878787878
0.5075757575757576
0.7752525252525253
0.7676767676767676
0.8409090909090909
0.5075757575757576
0.49747474747474746
0.8308080808080808
0.7904040404040404
0.37373737373737376
0.8611111111111112
0.8080808080808081
0.5202020202020202
0.8282828282828283
0.8333333333333334
0.8282828282828283
0.8383838383838383
0.7878787878787878
0.8434343434343434
0.8232323232323232
0.7904040404040404
0.8106060606060606
0.5757575757575758
0.8484848484848485
0.7803030303030303
0.7853535353535354
0.8131313131313131
0.8636363636363636
0.8535353535353535
0.7904040404040404
0.8282828282828283
0.8005050505050505
0.5252525252525253
0.5025252525252525
0.8611111111111112
0.8560606060606061
0.8585858585858586
0.8005050505050505
0.8535353535353535
0.8560606060606061
0.8459595959595959
0.5
0.7929292929292929
0.8358585858585859
0.8459595959595959
0.8484848484848485
0.8308080808080808
0.6666666666666666
0.8181818181818182
0.8560606060606061
0.851010101010101
0.8308080808080808
0.35353535353535354
0.7878787878787878
0.8535353535353535
0.4696969696969697
0.8560606060606061
0.8181818181818182
0.7449494949494949
0.8383838383838383
0.8459595959595959
0.8308080808080808
0.8409090909090909
0.5050505050505051
0.851010101010101
0.8434343434343434
0.8055555555555556
0.7777777777777778
0.5025252525252525
0.851010101010101
0.8181818181818182
0.7095959595959596
0.797979797979798
0.8585858585858586
0.4444444444444444
0.8484848484848485
0.8409090909090909
0.8282828282828283
0.76010101010101
0.8484848484848485
0.8106060606060606
0.8560606060606061
0.8484848484848485
0.7777777777777778
0.8282828282828283
0.8484848484848485
0.5
0.8535353535353535
0.8308080808080808
0.8181818181818182
0.8308080808080808
0.8459595959595959
0.8459595959595959
0.7878787878787878
0.8005050505050505
0.5353535353535354
0.797979797979798
0.4898989898989899
0.8585858585858586
0.7878787878787878
0.8282828282828283
0.7323232323232324
0.8080808080808081
0.8156565656565656
0.8560606060606061
0.5202020202020202
0.73989898989899
0.8156565656565656
0.5252525252525253
0.8535353535353535
0.8535353535353535
0.7878787878787878
0.8156565656565656
0.4696969696969697
0.8611111111111112
0.8459595959595959
0.7449494949494949
0.8333333333333334
0.8156565656565656
0.8156565656565656
0.8535353535353535
0.8535353535353535
0.8535353535353535
0.8535353535353535
0.49242424242424243
0.398989898989899
0.5202020202020202
0.7550505050505051
0.8005050505050505
0.51010101010101
0.14898989898989898
0.8080808080808081
0.8459595959595959
0.851010101010101
0.8308080808080808
0.73989898989899
0.8585858585858586
0.8257575757575758
0.8383838383838383
0.7449494949494949
0.8308080808080808
0.494949494949495
0.8005050505050505
0.7651515151515151
0.8409090909090909
0.797979797979798
0.8282828282828283
0.8484848484848485
0.8459595959595959
0.8106060606060606
0.7828282828282829
0.8156565656565656
0.7474747474747475
0.8282828282828283
0.7752525252525253
0.8484848484848485
0.8560606060606061
0.8106060606060606
0.8535353535353535
0.8409090909090909
0.7904040404040404
0.8080808080808081
0.7929292929292929
0.8409090909090909
0.8560606060606061
0.8535353535353535
0.8055555555555556
0.73989898989899
0.851010101010101
0.7878787878787878
0.7424242424242424
0.7929292929292929
0.797979797979798
0.7878787878787878
0.5075757575757576
0.8282828282828283
0.851010101010101
0.7904040404040404
0.8535353535353535
0.8409090909090909
0.8055555555555556
0.7904040404040404
0.5202020202020202
0.7828282828282829
0.7297979797979798
0.7676767676767676
0.8333333333333334
0.5075757575757576
0.8232323232323232
0.5176767676767676
0.8207070707070707
0.8232323232323232
0.8383838383838383
0.8560606060606061
0.8535353535353535
0.8484848484848485
0.8434343434343434
0.8611111111111112
0.851010101010101
0.8535353535353535
0.8383838383838383
0.7878787878787878
0.8585858585858586
0.5
0.8358585858585859
0.7272727272727273
0.7878787878787878
0.8232323232323232
0.8106060606060606
0.7878787878787878
0.8308080808080808
0.8232323232323232
0.7777777777777778
0.8156565656565656
0.8409090909090909
0.51010101010101
0.8535353535353535
0.49747474747474746
0.8560606060606061
0.7626262626262627
0.5353535353535354
0.49747474747474746
0.7777777777777778
0.851010101010101
0.8207070707070707
0.8055555555555556
0.5050505050505051
0.8434343434343434
0.8308080808080808
0.8409090909090909
0.8383838383838383
0.7853535353535354
0.5
0.8282828282828283
0.8207070707070707
0.7904040404040404
0.8611111111111112
0.8535353535353535
0.7626262626262627
0.8383838383838383
0.5328282828282829
0.8055555555555556
0.8585858585858586
0.8181818181818182
0.8282828282828283
0.8106060606060606
0.5378787878787878
0.5
0.8106060606060606
0.7323232323232324
0.8585858585858586
0.494949494949495
0.851010101010101
0.5
0.2297979797979798
0.8181818181818182
0.7904040404040404
0.7904040404040404
0.8484848484848485
0.8484848484848485
0.76010101010101
0.7525252525252525
0.8131313131313131
0.8282828282828283
0.8282828282828283
0.5025252525252525
0.7070707070707071
0.8358585858585859
0.8560606060606061
0.7777777777777778
0.5025252525252525
0.8535353535353535
0.5176767676767676
0.8560606060606061
0.851010101010101
0.8434343434343434
0.7626262626262627
0.49242424242424243
0.5025252525252525
0.8535353535353535
0.7878787878787878
0.8409090909090909
0.47474747474747475
0.851010101010101
0.7121212121212122
0.702020202020202
0.8560606060606061
0.851010101010101
0.7803030303030303
0.5
0.8055555555555556
0.7929292929292929
0.8611111111111112
0.8459595959595959
0.7550505050505051
0.7904040404040404
0.5252525252525253
0.7676767676767676
0.8131313131313131
0.5277777777777778
0.18434343434343434
0.8484848484848485
0.8055555555555556
0.7727272727272727
0.7550505050505051
0.8181818181818182
0.8181818181818182
0.8585858585858586
0.8585858585858586
0.8611111111111112
0.8409090909090909
0.8434343434343434
0.8358585858585859
0.8257575757575758
0.8459595959595959
0.8585858585858586
0.5126262626262627
0.7424242424242424
0.7272727272727273
0.8560606060606061
0.5252525252525253
0.8308080808080808
0.8585858585858586
0.5202020202020202
0.8106060606060606
0.8560606060606061
0.8080808080808081
0.8005050505050505
0.8156565656565656
0.7853535353535354
0.7297979797979798
0.8308080808080808
0.8459595959595959
0.7904040404040404
0.8560606060606061
0.14393939393939395
0.4696969696969697
0.8308080808080808
0.8257575757575758
0.5
0.8131313131313131
0.8636363636363636
0.8358585858585859
0.8282828282828283
0.851010101010101
0.7904040404040404
0.5
0.5
0.8055555555555556
0.5
0.8106060606060606
0.8232323232323232
0.49747474747474746
0.7550505050505051
0.8282828282828283
0.8383838383838383
0.8358585858585859
0.8308080808080808
0.8156565656565656
0.8611111111111112
0.8434343434343434
0.8611111111111112
0.8560606060606061
0.851010101010101
0.8080808080808081
0.8106060606060606
0.7727272727272727
0.7878787878787878
0.8585858585858586
0.8156565656565656
0.8156565656565656
0.8636363636363636
0.8005050505050505
0.8535353535353535
0.7954545454545454
0.797979797979798
0.8080808080808081
0.8636363636363636
0.8005050505050505
0.8434343434343434
0.8106060606060606
0.6590909090909091
0.73989898989899
0.8333333333333334
0.8080808080808081
0.7474747474747475
0.5050505050505051
0.7525252525252525
0.7449494949494949
0.8131313131313131
0.8611111111111112
0.8560606060606061
0.8459595959595959
0.8333333333333334
0.803030303030303
0.8484848484848485
0.851010101010101
0.7878787878787878
0.8232323232323232
0.8636363636363636
0.851010101010101
0.8535353535353535
0.8282828282828283
0.1717171717171717
0.8560606060606061
0.6540404040404041
0.8560606060606061
0.8611111111111112
0.4898989898989899
0.7424242424242424
0.8611111111111112
0.8535353535353535
0.6742424242424242
0.8585858585858586
0.8080808080808081
0.8005050505050505
0.8535353535353535
0.8106060606060606
0.8055555555555556
0.8181818181818182
0.7575757575757576
0.7121212121212122
0.7449494949494949
0.5
0.7121212121212122
0.8156565656565656
0.8434343434343434
0.8333333333333334
0.1414141414141414
0.851010101010101
0.8308080808080808
0.8156565656565656
0.7651515151515151
0.8156565656565656
0.16161616161616163
0.73989898989899
0.8459595959595959
0.8560606060606061
0.7878787878787878
0.8282828282828283
0.7853535353535354
0.8535353535353535
0.8560606060606061
0.8131313131313131
0.8308080808080808
0.494949494949495
0.8383838383838383
0.8585858585858586
0.7323232323232324
0.8232323232323232
0.8232323232323232
0.5
0.5
0.7525252525252525
0.7525252525252525
0.73989898989899
0.7424242424242424
0.8232323232323232
0.7550505050505051
0.8560606060606061
0.48484848484848486
0.7121212121212122
0.49242424242424243
0.8383838383838383
0.8409090909090909
0.8636363636363636
0.7752525252525253
0.8080808080808081
0.8611111111111112
0.8409090909090909
0.5227272727272727
0.8585858585858586
0.851010101010101
0.8409090909090909
0.8358585858585859
0.8585858585858586
0.5252525252525253
0.8358585858585859
0.8459595959595959
0.702020202020202
0.8560606060606061
0.7828282828282829
0.8560606060606061
0.7929292929292929
0.7247474747474747
0.7828282828282829
0.49747474747474746
0.8080808080808081
0.8333333333333334
0.8434343434343434
0.8181818181818182
0.8560606060606061
0.8156565656565656
0.5050505050505051
0.15151515151515152
0.851010101010101
0.8308080808080808
0.8055555555555556
0.8156565656565656
0.7575757575757576
0.5227272727272727
0.851010101010101
0.7222222222222222
0.8560606060606061
0.7676767676767676
0.7777777777777778
0.8409090909090909
0.8080808080808081
0.8484848484848485
0.7449494949494949
0.8560606060606061
0.46464646464646464
0.8459595959595959
0.8257575757575758
0.8611111111111112
0.8232323232323232
0.8156565656565656
0.5353535353535354
0.8611111111111112
0.49747474747474746
0.7878787878787878
0.7878787878787878
0.851010101010101
0.8611111111111112
0.851010101010101
0.8585858585858586
0.73989898989899
0.7878787878787878
0.7525252525252525
0.4671717171717172
0.8560606060606061
0.8535353535353535
0.8383838383838383
0.8055555555555556
0.8308080808080808
0.7904040404040404
0.8232323232323232
0.851010101010101
0.8282828282828283
0.7954545454545454
0.4671717171717172
0.8207070707070707
0.8181818181818182
0.8585858585858586
0.8484848484848485
0.797979797979798
0.7878787878787878
0.8585858585858586
0.5050505050505051
0.46464646464646464
0.8535353535353535
0.8383838383838383
0.8535353535353535
0.8611111111111112
0.8156565656565656
0.7121212121212122
0.8106060606060606
0.8358585858585859
0.16414141414141414
0.8055555555555556
0.8308080808080808
0.8257575757575758
0.8434343434343434
0.8535353535353535
0.8358585858585859
0.8459595959595959
0.8358585858585859
0.7752525252525253
0.8282828282828283
0.7752525252525253
0.8535353535353535
0.8459595959595959
0.7904040404040404
0.73989898989899
0.8080808080808081
0.8232323232323232
0.8308080808080808
0.20202020202020202
0.8535353535353535
0.8585858585858586
0.8383838383838383
0.7929292929292929
0.7575757575757576
0.8282828282828283
0.851010101010101
0.8434343434343434
0.7904040404040404
0.8232323232323232
0.8535353535353535
0.8560606060606061
0.8585858585858586
0.5227272727272727
0.8232323232323232
0.7323232323232324
0.8333333333333334
0.8560606060606061
0.5
0.8535353535353535
0.851010101010101
0.8282828282828283
0.8585858585858586
0.8560606060606061
0.8333333333333334
0.8383838383838383
0.7651515151515151
0.8156565656565656
0.8131313131313131
0.7550505050505051
0.7878787878787878
0.8055555555555556
0.8409090909090909
0.49242424242424243
0.8459595959595959
0.8636363636363636
0.8459595959595959
0.8560606060606061
0.8484848484848485
0.8131313131313131
0.7752525252525253
0.8257575757575758
0.8333333333333334
0.8181818181818182
0.8560606060606061
0.8484848484848485
0.8434343434343434
0.5025252525252525
0.51010101010101
0.8333333333333334
0.8409090909090909
0.8434343434343434
0.35353535353535354
0.8181818181818182
0.8535353535353535
0.8131313131313131
0.5
0.8232323232323232
0.8282828282828283
0.8106060606060606
0.5025252525252525
0.8434343434343434
0.8282828282828283
0.73989898989899
0.8434343434343434
0.7878787878787878
0.8484848484848485
0.5404040404040404
0.8358585858585859
0.8055555555555556
0.8560606060606061
0.8409090909090909
0.8207070707070707
0.6388888888888888
0.5
0.8409090909090909
0.8560606060606061
0.5050505050505051
0.8585858585858586
0.51010101010101
0.8156565656565656
0.7525252525252525
0.8535353535353535
0.7954545454545454
0.7626262626262627
0.8459595959595959
0.8535353535353535
0.8308080808080808
0.7878787878787878
0.7929292929292929
0.5126262626262627
0.8535353535353535
0.8535353535353535
0.8585858585858586
0.8106060606060606
0.8484848484848485
0.5
0.8232323232323232
0.8459595959595959
0.8308080808080808
0.8358585858585859
0.8181818181818182
0.8207070707070707
0.5
0.5176767676767676
0.8333333333333334
0.7676767676767676
0.8055555555555556
0.7651515151515151
0.8282828282828283
0.5075757575757576
0.8333333333333334
0.8207070707070707
0.7828282828282829
0.8611111111111112
0.8585858585858586
0.8484848484848485
0.5252525252525253
0.8459595959595959
0.8005050505050505
0.7575757575757576
0.8585858585858586
0.8181818181818182
0.803030303030303
0.8156565656565656
0.7626262626262627
0.8611111111111112
0.4722222222222222
0.8636363636363636
0.8459595959595959
0.8636363636363636
0.8611111111111112
0.8257575757575758
0.8181818181818182
0.8535353535353535
0.8055555555555556
0.5050505050505051
0.8282828282828283
0.5252525252525253
0.8106060606060606
0.8005050505050505
0.8585858585858586
0.8308080808080808
0.8636363636363636
0.8535353535353535
0.8409090909090909
0.8181818181818182
0.8484848484848485
0.8560606060606061
0.8333333333333334
0.8535353535353535
0.8560606060606061
0.7954545454545454
0.8459595959595959
0.8611111111111112
0.8484848484848485
0.8560606060606061
0.8484848484848485
0.8181818181818182
0.8308080808080808
0.8358585858585859
0.8636363636363636
0.8156565656565656
0.8560606060606061
0.5025252525252525
0.5
0.7853535353535354
0.7878787878787878
0.7550505050505051
0.8484848484848485
0.8484848484848485
0.47474747474747475
0.8409090909090909
0.8106060606060606
0.8257575757575758
0.8333333333333334
0.8459595959595959
0.8611111111111112
0.7954545454545454
0.8535353535353535
0.8131313131313131
0.8005050505050505
0.494949494949495
0.7777777777777778
0.8535353535353535
0.8131313131313131
0.7929292929292929
0.851010101010101
0.8232323232323232
0.8358585858585859
0.8560606060606061
0.8535353535353535
0.5454545454545454
0.8282828282828283
0.8308080808080808
0.8156565656565656
0.8156565656565656
0.8055555555555556
0.8282828282828283
0.8434343434343434
0.7777777777777778
0.8282828282828283
0.7449494949494949
0.8560606060606061
0.7752525252525253
0.851010101010101
0.8333333333333334
0.8308080808080808
0.7878787878787878
0.8257575757575758
0.6818181818181818
0.8409090909090909
0.8560606060606061
0.8560606060606061
0.8358585858585859
0.7272727272727273
0.7626262626262627
0.8409090909090909
0.8611111111111112
0.8535353535353535
0.8131313131313131
0.8207070707070707
0.8535353535353535
0.8156565656565656
0.8181818181818182
0.8308080808080808
0.8055555555555556
0.7121212121212122
0.7853535353535354
0.8156565656565656
0.8585858585858586
0.5
0.8156565656565656
0.8080808080808081
0.5303030303030303
0.8308080808080808
0.5606060606060606
0.803030303030303
0.5050505050505051
0.8535353535353535
0.8333333333333334
0.5
0.8484848484848485
0.803030303030303
0.7424242424242424
0.5
0.8005050505050505
0.8282828282828283
0.8434343434343434
0.8308080808080808
0.5227272727272727
0.7348484848484849
0.8409090909090909
0.7676767676767676
0.8131313131313131
0.8459595959595959
0.7752525252525253
0.8535353535353535
0.8611111111111112
0.8282828282828283
0.5
0.8257575757575758
0.7777777777777778
0.8181818181818182
0.8308080808080808
0.8358585858585859
0.7853535353535354
0.851010101010101
0.17929292929292928
0.5050505050505051
0.8333333333333334
0.8434343434343434
0.8131313131313131
0.7878787878787878
0.8232323232323232
0.8131313131313131
0.8131313131313131
0.8636363636363636
0.8308080808080808
0.8383838383838383
0.42676767676767674
0.8106060606060606
0.8181818181818182
0.7474747474747475
0.8282828282828283
0.8535353535353535
0.8459595959595959
0.7121212121212122
0.8308080808080808
0.8308080808080808
0.6717171717171717
0.8560606060606061
0.8434343434343434
0.8636363636363636
0.8181818181818182
0.8560606060606061
0.49242424242424243
0.7575757575757576
0.8459595959595959
0.8409090909090909
0.8282828282828283
0.851010101010101
0.8535353535353535
0.8131313131313131
0.7449494949494949
0.8484848484848485
0.8257575757575758
0.851010101010101
0.8181818181818182
0.8080808080808081
0.8611111111111112
0.851010101010101
0.5227272727272727
0.7904040404040404
0.8409090909090909
0.48484848484848486
0.8282828282828283
0.8156565656565656
0.8409090909090909
0.5303030303030303
0.8232323232323232
0.7803030303030303
0.5
0.8560606060606061
0.8156565656565656
0.8080808080808081
0.4898989898989899
0.8156565656565656
0.46464646464646464
0.5126262626262627
0.8055555555555556
0.8383838383838383
0.4595959595959596
0.8535353535353535
0.8257575757575758
0.5
0.7904040404040404
0.8560606060606061
0.8560606060606061
0.8484848484848485
0.8257575757575758
0.7676767676767676
0.7525252525252525
0.8383838383838383
0.5050505050505051
0.5
0.5126262626262627
0.7449494949494949
0.851010101010101
0.8434343434343434
0.8434343434343434
0.8106060606060606
0.5227272727272727
0.8156565656565656
0.5
0.7727272727272727
0.7424242424242424
0.8181818181818182
0.48737373737373735
0.8282828282828283
0.8434343434343434
0.8459595959595959
0.8080808080808081
0.8383838383838383
0.49747474747474746
0.8282828282828283
0.5151515151515151
0.6085858585858586
0.8560606060606061
0.8535353535353535
0.5580808080808081
0.7954545454545454
0.8585858585858586
0.8131313131313131
0.76010101010101
0.8535353535353535
0.7348484848484849
0.8080808080808081
0.51010101010101
0.4823232323232323
0.7828282828282829
0.76010101010101
0.7121212121212122
0.8232323232323232
0.8282828282828283
0.7803030303030303
0.851010101010101
0.7525252525252525
0.8232323232323232
0.8409090909090909
0.73989898989899
0.8434343434343434
0.7272727272727273
0.8484848484848485
0.8535353535353535
0.8080808080808081
0.7752525252525253
0.5202020202020202
0.8207070707070707
0.803030303030303
0.7550505050505051
0.7525252525252525
0.8560606060606061
0.8383838383838383
0.7575757575757576
0.5
0.7626262626262627
0.8535353535353535
0.851010101010101
0.8611111111111112
0.8181818181818182
0.8535353535353535
0.8383838383838383
0.8434343434343434
0.51010101010101
0.73989898989899
0.7752525252525253
0.5
0.8585858585858586
0.8005050505050505
0.494949494949495
0.8560606060606061
0.8409090909090909
0.8535353535353535
0.15404040404040403
0.8106060606060606
0.8585858585858586
0.8535353535353535
0.7878787878787878
0.8232323232323232
0.8080808080808081
0.7904040404040404
0.851010101010101
0.8383838383838383
0.5454545454545454
0.8535353535353535
0.8156565656565656
0.8106060606060606
0.8156565656565656
0.5
0.5
0.494949494949495
0.8611111111111112
0.8333333333333334
0.8434343434343434
0.8459595959595959
0.8358585858585859
0.8156565656565656
0.8257575757575758
0.51010101010101
0.8005050505050505
0.5
0.8358585858585859
0.38636363636363635
0.8611111111111112
0.8106060606060606
0.8257575757575758
0.7929292929292929
0.7575757575757576
0.8181818181818182
0.51010101010101
0.8459595959595959
0.8535353535353535
0.8358585858585859
0.8611111111111112
0.8106060606060606
0.7828282828282829
0.7575757575757576
0.7828282828282829
0.8585858585858586
0.7424242424242424
0.8308080808080808
0.8005050505050505
0.8333333333333334
0.8333333333333334
0.8005050505050505
0.8055555555555556
0.7272727272727273
0.8080808080808081
0.8611111111111112
0.7550505050505051
0.8156565656565656
0.8257575757575758
0.5075757575757576
0.8484848484848485
0.8005050505050505
0.5277777777777778
0.7752525252525253
0.8333333333333334
0.494949494949495
0.8232323232323232
0.8434343434343434
0.8333333333333334
0.8358585858585859
0.6540404040404041
0.8383838383838383
0.851010101010101
0.8232323232323232
0.7752525252525253
0.5353535353535354
0.8409090909090909
0.8459595959595959
0.494949494949495
0.851010101010101
0.8434343434343434
0.8611111111111112
0.8358585858585859
0.494949494949495
0.8156565656565656
0.7095959595959596
0.8585858585858586
0.8484848484848485
0.8535353535353535
0.48737373737373735
0.7752525252525253
0.73989898989899
0.8434343434343434
0.8484848484848485
0.7929292929292929
0.8106060606060606
0.5050505050505051
0.8383838383838383
0.8409090909090909
0.8308080808080808
0.8181818181818182
0.8181818181818182
0.8535353535353535
0.8434343434343434
0.851010101010101
0.8383838383838383
0.8080808080808081
0.49242424242424243
0.8484848484848485
0.8232323232323232
0.8611111111111112
0.8080808080808081
0.7878787878787878
0.8156565656565656
0.797979797979798
0.8181818181818182
0.7449494949494949
0.8535353535353535
0.8383838383838383
0.8459595959595959
0.7752525252525253
0.8106060606060606
0.7853535353535354
0.73989898989899
0.8560606060606061
0.8409090909090909
0.7575757575757576
0.8636363636363636
0.8611111111111112
0.8560606060606061
0.8232323232323232
0.8131313131313131
0.8409090909090909
0.49747474747474746
0.7904040404040404
0.8232323232323232
0.8156565656565656
0.8585858585858586
0.76010101010101
0.7878787878787878
0.8535353535353535
0.7777777777777778
0.7904040404040404
0.8535353535353535
0.8156565656565656
0.8611111111111112
0.8585858585858586
0.7929292929292929
0.8131313131313131
0.8282828282828283
0.7777777777777778
0.8560606060606061
0.5
0.8434343434343434
0.8383838383838383
0.4722222222222222
0.8282828282828283
0.8308080808080808
0.7904040404040404
0.851010101010101
0.8560606060606061
0.5
0.8308080808080808
0.8282828282828283
0.7904040404040404
0.8106060606060606
0.8560606060606061
0.8232323232323232
0.8535353535353535
0.8080808080808081
0.46464646464646464
0.5
0.8434343434343434
0.8232323232323232
0.8636363636363636
0.8535353535353535
0.8005050505050505
0.7803030303030303
0.851010101010101
0.8055555555555556
0.8535353535353535
0.8207070707070707
0.7803030303030303
0.8308080808080808
0.8131313131313131
0.7752525252525253
0.8257575757575758
0.7121212121212122
0.8257575757575758
0.8585858585858586
0.5
0.8611111111111112
0.8156565656565656
0.8560606060606061
0.7651515151515151
0.8257575757575758
0.8181818181818182
0.8636363636363636
0.851010101010101
0.8080808080808081
0.5
0.7904040404040404
0.8358585858585859
0.8080808080808081
0.7878787878787878
0.8560606060606061
0.8383838383838383
0.8181818181818182
0.851010101010101
0.5202020202020202
0.8333333333333334
0.5252525252525253
0.8484848484848485
0.7752525252525253
0.8080808080808081
0.5303030303030303
0.8232323232323232
0.5353535353535354
0.8232323232323232
0.7626262626262627
0.8080808080808081
0.7904040404040404
0.8383838383838383
0.8333333333333334
0.8106060606060606
0.5252525252525253
0.8383838383838383
0.8484848484848485
0.7550505050505051
0.5
0.5202020202020202
0.8611111111111112
0.8560606060606061
0.8257575757575758
0.14898989898989898
0.7777777777777778
0.8333333333333334
0.8156565656565656
0.8535353535353535
0.8409090909090909
0.8484848484848485
0.7121212121212122
0.8055555555555556
0.4595959595959596
0.8080808080808081
0.7752525252525253
0.75
0.8156565656565656
0.8585858585858586
0.8282828282828283
0.8156565656565656
0.8156565656565656
0.8080808080808081
0.7449494949494949
0.8459595959595959
0.8409090909090909
0.6186868686868687
0.8358585858585859
0.8535353535353535
0.4722222222222222
0.7121212121212122
0.851010101010101
0.6363636363636364
0.8080808080808081
0.76010101010101
0.8484848484848485
0.8282828282828283
0.851010101010101
0.8080808080808081
0.5252525252525253
0.8308080808080808
0.8585858585858586
0.8560606060606061
0.8560606060606061
0.8181818181818182
0.8409090909090909
0.8484848484848485
0.51010101010101
0.8383838383838383
0.8156565656565656
0.8358585858585859
0.851010101010101
0.7424242424242424
0.8106060606060606
0.8156565656565656
0.7904040404040404
0.8434343434343434
0.8611111111111112
0.797979797979798
0.8383838383838383
0.7904040404040404
0.7575757575757576
0.8484848484848485
0.8585858585858586
0.851010101010101
0.8358585858585859
0.8131313131313131
0.8459595959595959
0.5
0.8156565656565656
0.8080808080808081
0.8156565656565656
0.8106060606060606
0.7474747474747475
0.8156565656565656
0.8358585858585859
0.8434343434343434
0.7904040404040404
0.8535353535353535
0.49747474747474746
0.8611111111111112
0.8333333333333334
0.8459595959595959
0.8257575757575758
0.851010101010101
0.8257575757575758
0.5
0.8080808080808081
0.8409090909090909
0.8181818181818182
0.5176767676767676
0.8282828282828283
0.8333333333333334
0.8308080808080808
0.8585858585858586
0.8156565656565656
0.24242424242424243
0.8055555555555556
0.8535353535353535
0.8156565656565656
0.8106060606060606
0.7853535353535354
0.8232323232323232
0.8409090909090909
0.7676767676767676
0.7777777777777778
0.8535353535353535
0.8535353535353535
0.8282828282828283
0.7676767676767676
0.8232323232323232
0.494949494949495
0.8080808080808081
0.8459595959595959
0.8383838383838383
0.8383838383838383
0.8181818181818182
0.8106060606060606
0.7676767676767676
0.5
0.8131313131313131
0.7954545454545454
0.8232323232323232
0.7828282828282829
0.5126262626262627
0.5
0.8560606060606061
0.5025252525252525
0.8409090909090909
0.8585858585858586
0.8080808080808081
0.8181818181818182
0.8560606060606061
0.851010101010101
0.8636363636363636
0.7272727272727273
0.8560606060606061
0.8257575757575758
0.8131313131313131
0.7525252525252525
0.8585858585858586
0.8484848484848485
0.8156565656565656
0.7929292929292929
0.851010101010101
0.8560606060606061
0.8308080808080808
0.5227272727272727
0.5
0.7272727272727273
0.5
0.8282828282828283
0.8308080808080808
0.797979797979798
0.5202020202020202
0.8484848484848485
0.7449494949494949
0.5631313131313131
0.8282828282828283
0.8131313131313131
0.8232323232323232
0.7575757575757576
0.5050505050505051
0.8232323232323232
0.7904040404040404
0.5277777777777778
0.851010101010101
0.7525252525252525
0.8080808080808081
0.8131313131313131
0.8257575757575758
0.8207070707070707
0.8257575757575758
0.5126262626262627
0.7828282828282829
0.4823232323232323
0.5025252525252525
0.8106060606060606
0.5176767676767676
0.7853535353535354
0.8535353535353535
